4
30
38
25

4.000000 4.000000 2.000000
6.000000 4.000000 2.000000
4.000000 6.000000 2.000000
6.000000 6.000000 2.000000
10.000000 28.000000 2.000000
12.000000 28.000000 2.000000
10.000000 30.000000 2.000000
12.000000 30.000000 2.000000
12.000000 4.000000 2.000000
14.000000 4.000000 2.000000
12.000000 6.000000 2.000000
14.000000 6.000000 2.000000
14.000000 24.000000 2.000000
16.000000 24.000000 2.000000
24.000000 24.000000 2.000000
26.000000 24.000000 2.000000
20.000000 4.000000 2.000000
22.000000 4.000000 2.000000
20.000000 6.000000 2.000000
22.000000 6.000000 2.000000
20.000000 22.000000 2.000000
20.000000 24.000000 2.000000
18.000000 34.000000 2.000000
20.000000 34.000000 2.000000
22.000000 34.000000 2.000000

0.5088 0.9773 0.5881 0.4744 0.6830 0.3660 0.3345 0.2884 0.6592 0.3526 0.2974 0.9172 0.1773 0.3476 0.0088 0.8819 0.7210 0.2165 0.5618 0.4115 0.9138 0.0286 0.8346 0.7861 0.4746 0.4287 0.0179 0.9435 0.3009 0.1105 0.8227 0.8273 0.8515 0.8528 0.7347 0.6582 0.0419 0.8967 
0.0038 0.3703 0.8214 0.2504 0.1448 0.0346 0.4850 0.7553 0.1375 0.8514 0.6263 0.4023 0.9686 0.0094 0.7472 0.8869 0.5888 0.2295 0.0561 0.2496 0.6737 0.6466 0.4293 0.4664 0.9845 0.5557 0.0220 0.9718 0.0185 0.0010 0.8872 0.5167 0.1451 0.8863 0.2260 0.4022 0.4202 0.0584 
0.4507 0.4162 0.8426 0.0459 0.9299 0.8552 0.9988 0.7140 0.7442 0.3622 0.9770 0.0905 0.3845 0.1027 0.5415 0.6541 0.6859 0.4274 0.0421 0.3930 0.4910 0.9204 0.1044 0.3759 0.8652 0.7379 0.9866 0.0451 0.3212 0.1757 0.3089 0.8549 0.9000 0.5233 0.7556 0.9142 0.1645 0.7364 
0.4690 0.1176 0.8504 0.1764 0.6839 0.2081 0.3694 0.8678 0.2135 0.6731 0.0050 0.0556 0.1127 0.0072 0.8043 0.5463 0.8559 0.6075 0.5193 0.5434 0.0055 0.2083 0.1353 0.0532 0.7989 0.4622 0.9227 0.5645 0.4875 0.3127 0.3152 0.5651 0.5228 0.8775 0.9566 0.2454 0.1725 0.3370 
0.5299 0.6566 0.1165 0.1327 0.6366 0.0746 0.2688 0.4160 0.2463 0.7552 0.1537 0.8113 0.0536 0.0724 0.5103 0.5338 0.7995 0.3690 0.3092 0.9551 0.1988 0.0700 0.4171 0.0516 0.4670 0.4326 0.4394 0.7310 0.3005 0.7191 0.2128 0.8510 0.4433 0.9282 0.7216 0.6984 0.9132 0.3880 
0.2544 0.9937 0.2464 0.3421 0.6701 0.1788 0.8766 0.7813 0.1508 0.1016 0.8523 0.3466 0.9133 0.4944 0.8135 0.1567 0.3220 0.7893 0.5767 0.2542 0.2046 0.2173 0.3309 0.1705 0.6310 0.0758 0.3020 0.0573 0.4675 0.0416 0.4341 0.3488 0.3487 0.3245 0.2695 0.1722 0.0117 0.5552 
0.3882 0.8243 0.9978 0.5026 0.3224 0.5151 0.1116 0.0708 0.7550 0.3017 0.5577 0.0291 0.2049 0.3013 0.5908 0.5592 0.5823 0.9982 0.2835 0.8800 0.0607 0.3958 0.9517 0.7179 0.8862 0.8105 0.6458 0.2712 0.0409 0.0674 0.4291 0.6107 0.0101 0.5916 0.1098 0.8996 0.8666 0.3427 
0.7620 0.5250 0.0801 0.0922 0.1752 0.5767 0.9360 0.8479 0.2708 0.3765 0.0676 0.5746 0.4397 0.3477 0.7696 0.1245 0.7509 0.1799 0.9851 0.5570 0.6355 0.3763 0.7779 0.9366 0.6828 0.3296 0.2813 0.9277 0.3784 0.0272 0.9658 0.6796 0.8013 0.5478 0.1316 0.9466 0.2387 0.3386 
0.5471 0.0652 0.5883 0.9802 0.2991 0.5905 0.1833 0.8255 0.7694 0.8659 0.3645 0.3569 0.5186 0.2632 0.6264 0.7738 0.8769 0.4033 0.2339 0.3346 0.2914 0.2104 0.5428 0.6238 0.5409 0.8827 0.9034 0.4016 0.5432 0.1793 0.2665 0.3430 0.7921 0.6084 0.1299 0.5590 0.8682 0.8960 
0.8054 0.7230 0.0095 0.2518 0.8454 0.3349 0.3181 0.5582 0.4673 0.7279 0.6475 0.2854 0.2794 0.1987 0.6140 0.5585 0.6145 0.7657 0.8873 0.5370 0.6709 0.1213 0.3861 0.5735 0.5807 0.1127 0.6377 0.0056 0.2427 0.0647 0.2991 0.2760 0.9047 0.5377 0.0591 0.5247 0.9466 0.7189 
0.3255 0.1860 0.5939 0.1343 0.6969 0.1488 0.3443 0.7962 0.8367 0.5570 0.1138 0.5334 0.1694 0.9029 0.7041 0.4486 0.9144 0.9357 0.9333 0.7400 0.2100 0.5698 0.1022 0.1977 0.4382 0.6803 0.8494 0.7250 0.2717 0.1347 0.2498 0.0053 0.2178 0.6725 0.0111 0.7814 0.3012 0.7753 
0.7173 0.3423 0.7277 0.7076 0.2362 0.5958 0.0606 0.4836 0.3137 0.4746 0.4300 0.6826 0.5596 0.6621 0.8152 0.2642 0.4105 0.6880 0.6291 0.7152 0.8282 0.3732 0.0415 0.1992 0.3458 0.8866 0.8209 0.2168 0.0333 0.2413 0.3164 0.3810 0.1120 0.8650 0.4644 0.6065 0.8913 0.1814 
0.8365 0.2879 0.0544 0.9581 0.7438 0.2558 0.0538 0.6256 0.0026 0.0970 0.0754 0.8557 0.5423 0.8325 0.4418 0.3663 0.3945 0.4606 0.8287 0.3242 0.5936 0.3496 0.0772 0.0176 0.9817 0.1943 0.0767 0.5970 0.5121 0.0525 0.4434 0.2322 0.0730 0.2867 0.1114 0.4741 0.1910 0.3524 
0.7988 0.3479 0.4846 0.8376 0.5922 0.1803 0.8640 0.0581 0.6516 0.1452 0.9831 0.6262 0.0428 0.7996 0.9240 0.5020 0.5219 0.5033 0.3921 0.5679 0.7754 0.0885 0.9810 0.9468 0.4370 0.3571 0.5240 0.5147 0.0836 0.8006 0.4662 0.7304 0.1525 0.9947 0.5746 0.5288 0.3107 0.9894 
0.7640 0.9242 0.0283 0.6210 0.2646 0.1190 0.4499 0.3559 0.2222 0.9042 0.3200 0.9193 0.4614 0.2446 0.0654 0.0637 0.1703 0.0303 0.2692 0.7508 0.7871 0.8820 0.7895 0.1530 0.3242 0.3865 0.9560 0.5389 0.7539 0.1894 0.0175 0.6488 0.2409 0.3864 0.3305 0.0438 0.0071 0.3546 
0.1638 0.8083 0.5648 0.1323 0.5006 0.9382 0.4547 0.0739 0.3807 0.6600 0.4018 0.1317 0.1836 0.8499 0.1014 0.9872 0.7121 0.7532 0.9903 0.7977 0.5568 0.7454 0.8636 0.4837 0.5420 0.8659 0.1900 0.6761 0.1731 0.5642 0.7305 0.5397 0.3469 0.7194 0.1785 0.8281 0.2531 0.7468 
0.3928 0.3610 0.3741 0.8786 0.2245 0.9378 0.0808 0.6721 0.0534 0.2538 0.5048 0.7375 0.4904 0.4186 0.1391 0.8601 0.3958 0.4668 0.4480 0.3341 0.9002 0.0702 0.7740 0.7922 0.9541 0.2277 0.0193 0.1422 0.5309 0.2532 0.7263 0.2020 0.3344 0.8921 0.0141 0.4550 0.4981 0.8952 
0.2675 0.0995 0.7336 0.6806 0.2925 0.2626 0.3837 0.4934 0.6290 0.2320 0.3641 0.7459 0.3503 0.2925 0.7261 0.1205 0.8752 0.2152 0.5472 0.3616 0.7186 0.6631 0.1400 0.2122 0.8519 0.7325 0.5683 0.5941 0.6793 0.7669 0.0743 0.3990 0.1074 0.5582 0.5101 0.4942 0.5440 0.3309 
0.3139 0.4530 0.9873 0.3817 0.6638 0.4740 0.8624 0.7486 0.1283 0.8862 0.7618 0.8902 0.3642 0.5006 0.5418 0.5922 0.3745 0.0214 0.2305 0.9173 0.3790 0.2375 0.6323 0.1782 0.1336 0.9963 0.5087 0.1674 0.2711 0.7811 0.4994 0.6686 0.4184 0.2357 0.0932 0.5433 0.5444 0.7136 
0.7668 0.9373 0.9561 0.7959 0.8203 0.3378 0.6312 0.9042 0.4922 0.0045 0.2629 0.5595 0.3933 0.8282 0.8835 0.1145 0.4335 0.5507 0.9855 0.8545 0.3098 0.8971 0.3112 0.0716 0.3741 0.7139 0.3163 0.9930 0.3761 0.6474 0.3629 0.9100 0.8137 0.1860 0.8073 0.6049 0.2327 0.0581 
0.3032 0.3472 0.2058 0.3143 0.3345 0.2318 0.1284 0.9702 0.6411 0.2876 0.3409 0.2539 0.5141 0.2653 0.3607 0.2907 0.4531 0.3413 0.6990 0.1811 0.9628 0.7440 0.2921 0.5824 0.5945 0.3880 0.3437 0.0835 0.5007 0.6045 0.6722 0.5254 0.5331 0.7842 0.5222 0.2655 0.3781 0.5761 
0.7238 0.6035 0.0286 0.2537 0.6334 0.2300 0.6860 0.9956 0.7297 0.4836 0.3877 0.4949 0.2331 0.3950 0.7699 0.2815 0.1296 0.8121 0.8764 0.5305 0.4030 0.6439 0.5950 0.4473 0.1605 0.5875 0.1987 0.4582 0.8428 0.0430 0.8242 0.1065 0.2094 0.1121 0.9844 0.5955 0.4031 0.4766 
0.8789 0.3228 0.8548 0.5876 0.9927 0.4853 0.8989 0.4483 0.8527 0.6770 0.4734 0.1478 0.4317 0.8453 0.9828 0.8328 0.2458 0.9010 0.0658 0.1542 0.5344 0.8941 0.1677 0.1563 0.8972 0.0825 0.6224 0.8285 0.9737 0.8888 0.9958 0.8182 0.8771 0.3422 0.2078 0.0015 0.1358 0.1754 
0.2380 0.3239 0.1651 0.5058 0.6368 0.8415 0.0081 0.5670 0.4518 0.2454 0.1043 0.2718 0.0840 0.0543 0.1689 0.5234 0.5614 0.5421 0.2537 0.5140 0.3821 0.5009 0.0858 0.3941 0.4531 0.8666 0.2272 0.8695 0.4117 0.5311 0.1535 0.9876 0.9018 0.4415 0.5775 0.0459 0.3110 0.3499 
0.6148 0.9345 0.3836 0.6252 0.9395 0.9221 0.4186 0.9319 0.5077 0.2871 0.4491 0.5650 0.6841 0.9862 0.1578 0.3919 0.0802 0.8405 0.1274 0.0747 0.9605 0.4182 0.4501 0.9512 0.2696 0.3673 0.9670 0.7452 0.5431 0.6461 0.0676 0.4735 0.3643 0.6116 0.7797 0.5587 0.6831 0.1192 
0.3270 0.0909 0.3088 0.3153 0.3904 0.9268 0.7919 0.6344 0.6109 0.0073 0.4218 0.4670 0.3051 0.9416 0.0027 0.1213 0.1313 0.9264 0.6704 0.7158 0.3021 0.9942 0.2155 0.9536 0.7365 0.8016 0.5798 0.3598 0.2944 0.8731 0.3623 0.6269 0.2067 0.9336 0.7949 0.9379 0.2920 0.1910 
0.5607 0.3338 0.1055 0.4555 0.4041 0.5702 0.1168 0.9956 0.4378 0.9726 0.1757 0.5216 0.5555 0.0675 0.3915 0.3550 0.4031 0.2494 0.8243 0.1939 0.5203 0.9268 0.2073 0.1161 0.5449 0.2895 0.9948 0.6912 0.2706 0.3979 0.0173 0.6143 0.4417 0.9290 0.5686 0.4943 0.8869 0.7259 
0.3436 0.7392 0.9307 0.6092 0.8399 0.4759 0.0591 0.7726 0.6267 0.4968 0.2505 0.3343 0.5487 0.9079 0.2498 0.5297 0.4758 0.4819 0.2978 0.3319 0.3915 0.2482 0.6817 0.5271 0.4075 0.3767 0.4498 0.4771 0.5397 0.4340 0.0188 0.3829 0.2328 0.9010 0.9560 0.6682 0.0408 0.7982 
0.9371 0.0308 0.3492 0.0027 0.1186 0.7974 0.8648 0.4479 0.1952 0.3782 0.6957 0.9585 0.5121 0.9992 0.5431 0.2753 0.1226 0.8249 0.7136 0.2707 0.3074 0.4906 0.2995 0.0559 0.7693 0.9227 0.7132 0.1166 0.5079 0.7782 0.9131 0.5313 0.3596 0.5075 0.1839 0.9054 0.8463 0.6636 
0.3344 0.6405 0.1536 0.5686 0.4444 0.0921 0.8010 0.0034 0.9239 0.7497 0.8910 0.3567 0.0354 0.5662 0.6581 0.0275 0.9492 0.0962 0.2312 0.9696 0.3500 0.6279 0.9321 0.8651 0.1660 0.1394 0.8720 0.1318 0.7581 0.7891 0.9277 0.4087 0.4845 0.9797 0.1697 0.3913 0.0110 0.6708 

0.6505 0.7990 0.1507 0.8735 0.4344 0.9301 0.7033 0.6087 0.5357 0.5080 0.5223 0.7359 0.4371 0.2118 0.1463 0.3912 0.4184 0.6133 0.1286 0.5918 0.4921 0.7555 0.2410 0.8264 0.3816 0.7969 0.8221 0.5960 0.6600 0.7073 0.6904 0.6031 0.2887 0.6779 0.7031 0.9803 0.7915 0.3905 
0.1000 0.8093 0.5513 0.3857 0.1390 0.6326 0.7895 0.6052 0.4385 0.5887 0.4246 0.1445 0.5363 0.3228 0.8606 0.3604 0.9301 0.4423 0.7758 0.8548 0.8096 0.7138 0.8273 0.0789 0.5272 0.9929 0.9342 0.0795 0.2622 0.7983 0.1156 0.0834 0.3284 0.5271 0.3538 0.0191 0.8693 0.7625 
0.0518 0.9623 0.5090 0.5308 0.0927 0.9138 0.0126 0.4777 0.8709 0.1738 0.0870 0.3036 0.0828 0.6041 0.0555 0.6486 0.2080 0.6863 0.5662 0.1603 0.8275 0.0138 0.7862 0.9682 0.0527 0.8563 0.8430 0.5804 0.4825 0.8779 0.5511 0.6453 0.1375 0.4761 0.5488 0.3626 0.7104 0.2163 
0.8680 0.1536 0.3266 0.0604 0.1698 0.0953 0.8253 0.1903 0.4997 0.1354 0.1672 0.3409 0.2478 0.0923 0.0799 0.4548 0.4931 0.8686 0.6183 0.9891 0.5698 0.4403 0.0577 0.7714 0.4662 0.1945 0.5182 0.3494 0.2389 0.7242 0.7502 0.2666 0.7874 0.0629 0.0642 0.1937 0.1365 0.0291 
0.2647 0.7516 0.7073 0.3643 0.4815 0.9915 0.1554 0.0391 0.8947 0.1490 0.4410 0.0878 0.2639 0.1393 0.9155 0.5947 0.9689 0.9111 0.2924 0.9016 0.9891 0.4944 0.6087 0.0503 0.8393 0.1855 0.4111 0.7856 0.5548 0.0755 0.0933 0.6505 0.0165 0.7384 0.8370 0.0830 0.5331 0.9707 
0.1109 0.6452 0.2202 0.2306 0.1040 0.3064 0.9411 0.1291 0.0522 0.0966 0.3412 0.3777 0.4750 0.0044 0.0380 0.1499 0.9961 0.0992 0.6259 0.8476 0.3459 0.3887 0.5360 0.3214 0.2974 0.6568 0.2530 0.8169 0.4951 0.7361 0.7963 0.6820 0.6812 0.0088 0.1109 0.0370 0.0104 0.7438 
0.9435 0.1345 0.4832 0.8796 0.8257 0.4643 0.5177 0.8539 0.0864 0.1065 0.3170 0.0747 0.9717 0.8847 0.5374 0.5285 0.6936 0.7218 0.4543 0.9130 0.2979 0.6008 0.5776 0.1296 0.9906 0.4316 0.3513 0.7355 0.6179 0.3051 0.2486 0.6362 0.4966 0.1190 0.9595 0.2309 0.4092 0.0729 
0.2865 0.6508 0.4386 0.5846 0.5887 0.1130 0.9403 0.3619 0.2517 0.1311 0.3561 0.6992 0.2820 0.5729 0.7619 0.6780 0.8484 0.3254 0.4113 0.0770 0.2301 0.2066 0.6081 0.3593 0.5666 0.6080 0.7404 0.2382 0.2373 0.7137 0.4570 0.0475 0.7205 0.5925 0.2830 0.1318 0.8595 0.6835 
0.9069 0.3272 0.5331 0.3962 0.2424 0.2960 0.4456 0.4789 0.4013 0.2080 0.8994 0.2536 0.4700 0.6955 0.7238 0.7970 0.4217 0.1043 0.0595 0.2283 0.1348 0.7816 0.5339 0.4830 0.7871 0.0570 0.4914 0.8689 0.6960 0.2908 0.9433 0.0507 0.2120 0.3198 0.6553 0.5733 0.0725 0.3706 
0.6156 0.5415 0.5445 0.0892 0.9091 0.9973 0.5224 0.0251 0.3758 0.8308 0.2306 0.8592 0.6988 0.6761 0.7875 0.3777 0.9002 0.8057 0.5177 0.4806 0.8529 0.0321 0.7659 0.8411 0.1329 0.7296 0.8225 0.2495 0.0213 0.2926 0.9723 0.2118 0.5895 0.3172 0.9123 0.5341 0.2757 0.1405 
0.6233 0.1834 0.6534 0.1197 0.5017 0.9973 0.2948 0.3318 0.9602 0.1397 0.5610 0.6568 0.2547 0.2385 0.7570 0.5720 0.3606 0.1364 0.6683 0.4899 0.6253 0.6930 0.7771 0.1872 0.5683 0.2869 0.7837 0.6027 0.1346 0.5688 0.2202 0.2719 0.8961 0.5947 0.6644 0.7343 0.5719 0.2097 
0.4520 0.0862 0.7238 0.1496 0.3169 0.5459 0.5935 0.3431 0.2554 0.3944 0.0233 0.7158 0.0738 0.9775 0.8773 0.9947 0.5841 0.3495 0.4540 0.8154 0.2514 0.2223 0.4760 0.6586 0.1804 0.8828 0.0421 0.8916 0.0486 0.7616 0.0562 0.2552 0.8372 0.9483 0.1039 0.0621 0.1251 0.2002 
0.8498 0.3324 0.9117 0.2340 0.8138 0.0697 0.9946 0.7884 0.5876 0.6913 0.6483 0.7159 0.4033 0.1074 0.0624 0.1294 0.1664 0.9425 0.6771 0.0319 0.3021 0.3534 0.9330 0.3476 0.1854 0.9454 0.6784 0.5858 0.4393 0.6101 0.0009 0.4139 0.2013 0.2453 0.5329 0.3694 0.3789 0.1318 
0.8646 0.8325 0.5182 0.8837 0.4391 0.2784 0.1628 0.3801 0.6280 0.3309 0.1504 0.7078 0.8535 0.5183 0.7999 0.5443 0.1294 0.7145 0.1546 0.8443 0.0677 0.4721 0.0112 0.3941 0.6463 0.4686 0.3013 0.4800 0.2535 0.3872 0.6483 0.7179 0.3082 0.4254 0.0306 0.0565 0.3924 0.3287 
0.3809 0.0429 0.4479 0.8238 0.6879 0.9041 0.3020 0.9947 0.2228 0.7281 0.1450 0.9939 0.4232 0.2738 0.5790 0.2193 0.3254 0.9870 0.7738 0.5226 0.1146 0.4030 0.7179 0.3670 0.1103 0.4718 0.2486 0.4309 0.5161 0.4875 0.3072 0.0549 0.9691 0.4060 0.8527 0.2044 0.3552 0.3839 
0.0051 0.0139 0.8460 0.3707 0.9514 0.7664 0.5063 0.5625 0.9607 0.4462 0.6592 0.6726 0.7807 0.4792 0.4844 0.2089 0.6139 0.6050 0.7085 0.5544 0.7772 0.1273 0.5747 0.0970 0.3071 0.4651 0.3954 0.4782 0.0147 0.3119 0.8204 0.9887 0.7437 0.8942 0.5694 0.1120 0.7694 0.6301 
0.9290 0.8794 0.2704 0.2024 0.4823 0.8418 0.6381 0.9962 0.6746 0.8928 0.5787 0.8704 0.2355 0.4947 0.2217 0.3489 0.8520 0.3867 0.5729 0.7882 0.2698 0.5523 0.7838 0.3664 0.5335 0.8767 0.0461 0.2603 0.7295 0.2866 0.8798 0.1018 0.8639 0.8542 0.0777 0.4921 0.2724 0.2554 
0.5929 0.5146 0.8809 0.2386 0.1385 0.2088 0.2538 0.8192 0.1308 0.8655 0.4097 0.4315 0.3621 0.8349 0.9679 0.6908 0.7120 0.6872 0.5968 0.5200 0.4248 0.6033 0.2241 0.8122 0.3436 0.3496 0.3974 0.2406 0.7046 0.3940 0.1658 0.2334 0.2902 0.4708 0.8465 0.6222 0.7196 0.9499 
0.6480 0.2986 0.4398 0.7448 0.4293 0.5966 0.0608 0.8065 0.0753 0.1044 0.9605 0.2524 0.5660 0.0783 0.1000 0.2293 0.7902 0.7395 0.1761 0.0672 0.4696 0.7393 0.6543 0.7571 0.5857 0.0952 0.4366 0.3533 0.2221 0.2882 0.4598 0.0702 0.0454 0.4800 0.2939 0.8268 0.2110 0.2940 
0.1119 0.5950 0.9125 0.2439 0.0377 0.3518 0.0289 0.5820 0.1575 0.7387 0.4619 0.4243 0.7659 0.5194 0.8173 0.8422 0.8645 0.6268 0.1273 0.1262 0.4680 0.4248 0.1181 0.9855 0.6590 0.4784 0.9429 0.8767 0.1539 0.6857 0.2095 0.9003 0.9651 0.8509 0.3979 0.2574 0.4552 0.3628 
0.6890 0.8488 0.0724 0.4689 0.2300 0.7241 0.7417 0.3550 0.9378 0.0251 0.7825 0.9953 0.8532 0.0463 0.9348 0.8816 0.7573 0.9719 0.0577 0.8450 0.7865 0.6715 0.9789 0.4794 0.2818 0.8196 0.3806 0.2447 0.0675 0.5422 0.7001 0.6262 0.1542 0.2871 0.0389 0.4995 0.7013 0.3537 
0.1975 0.5969 0.3376 0.5437 0.2313 0.9521 0.0794 0.3010 0.9181 0.2370 0.5253 0.2842 0.6562 0.3897 0.9548 0.0377 0.5765 0.6317 0.0511 0.6324 0.9638 0.5811 0.0787 0.8228 0.8093 0.0691 0.5838 0.8989 0.1371 0.5976 0.0319 0.2443 0.2699 0.5225 0.0513 0.6033 0.7393 0.0583 
0.0665 0.8149 0.9408 0.2105 0.2374 0.7647 0.3979 0.4665 0.9975 0.0382 0.5867 0.5883 0.7157 0.6530 0.3760 0.2731 0.5924 0.3184 0.9720 0.0578 0.6382 0.5839 0.1848 0.4660 0.7611 0.4497 0.0650 0.9858 0.2296 0.2357 0.3502 0.0482 0.5968 0.4757 0.8954 0.7781 0.3559 0.5698 
0.4125 0.7230 0.5401 0.5214 0.2107 0.3858 0.1461 0.0459 0.1303 0.4388 0.4606 0.2958 0.4479 0.8897 0.4360 0.3445 0.4953 0.0221 0.2402 0.6405 0.0508 0.8912 0.6479 0.6931 0.0312 0.5053 0.0463 0.8479 0.8751 0.2980 0.1971 0.1596 0.7101 0.7278 0.7253 0.4011 0.3947 0.9730 
0.2294 0.8208 0.7980 0.7524 0.1272 0.3385 0.3379 0.3134 0.2790 0.2274 0.6548 0.9393 0.3236 0.1563 0.6327 0.7610 0.7954 0.1227 0.9079 0.4377 0.4754 0.0373 0.4127 0.3483 0.8237 0.6808 0.5310 0.8586 0.9606 0.5730 0.1442 0.4553 0.9158 0.5330 0.4531 0.8587 0.7469 0.7419 
0.2467 0.8514 0.6660 0.5490 0.1523 0.0517 0.4225 0.7062 0.9587 0.5063 0.7396 0.6982 0.0101 0.1212 0.4529 0.9167 0.9534 0.7701 0.3002 0.8164 0.7267 0.5655 0.4927 0.7159 0.4332 0.3260 0.2615 0.3654 0.5811 0.0286 0.3498 0.7336 0.7133 0.9226 0.8227 0.4661 0.6069 0.6986 
0.3033 0.5512 0.6367 0.9092 0.9014 0.1698 0.7614 0.5164 0.1436 0.4144 0.7536 0.8704 0.0759 0.1258 0.3681 0.7825 0.2389 0.4078 0.2108 0.7738 0.5917 0.5946 0.1419 0.4643 0.3610 0.1424 0.2157 0.6909 0.3493 0.9745 0.6410 0.3887 0.0906 0.7555 0.1136 0.4137 0.4728 0.0584 
0.1193 0.9003 0.4015 0.5948 0.0556 0.9089 0.1024 0.1223 0.6403 0.6233 0.3076 0.0324 0.9081 0.1265 0.4545 0.9957 0.7077 0.0541 0.9388 0.7265 0.9347 0.3993 0.5187 0.7805 0.0327 0.8899 0.7827 0.7616 0.3685 0.0718 0.0730 0.3967 0.9635 0.8900 0.0997 0.8967 0.2518 0.0714 
0.8178 0.9294 0.2557 0.1908 0.7416 0.7292 0.8405 0.9330 0.8684 0.6943 0.7806 0.7343 0.2007 0.9147 0.9271 0.2229 0.8380 0.5954 0.9716 0.1322 0.7386 0.8232 0.6624 0.4926 0.0860 0.3628 0.7711 0.7469 0.7281 0.4242 0.6477 0.4002 0.7994 0.5795 0.7818 0.4841 0.5731 0.0995 
0.0636 0.7662 0.7790 0.0163 0.2261 0.5218 0.4247 0.6095 0.5932 0.5581 0.0053 0.1636 0.8493 0.3075 0.9551 0.6578 0.9992 0.1684 0.5530 0.3282 0.9478 0.7333 0.7962 0.4450 0.3525 0.7820 0.1407 0.1449 0.5932 0.4124 0.8594 0.5670 0.4942 0.6367 0.9200 0.8263 0.8151 0.2404 

0.9025 0.0006 0.6884 0.6128 0.7280 0.8191 0.2101 0.8695 0.3017 0.9281 0.1719 0.8431 0.5298 0.9598 0.2290 0.9561 0.8855 0.3865 0.7392 0.4031 0.7571 0.7885 0.4537 0.0367 0.0946 0.5512 0.5297 0.3584 0.0637 0.4045 0.5183 0.4243 0.3173 0.9778 0.8102 0.5238 0.6030 0.5345 
0.9703 0.8121 0.5361 0.3314 0.7576 0.1254 0.0079 0.1140 0.8904 0.9301 0.3491 0.2642 0.2888 0.7265 0.1002 0.9485 0.8322 0.1355 0.1239 0.4341 0.1566 0.7028 0.0893 0.6908 0.3552 0.1873 0.5289 0.8635 0.2395 0.7095 0.8511 0.4103 0.4187 0.0516 0.0126 0.4241 0.0451 0.3338 
0.9437 0.1140 0.6455 0.0031 0.7529 0.9921 0.4567 0.3321 0.3596 0.9910 0.2881 0.3208 0.5283 0.4700 0.8717 0.7078 0.8284 0.1143 0.1231 0.6483 0.9841 0.8683 0.3420 0.7485 0.9428 0.4799 0.7821 0.5317 0.5456 0.8838 0.8054 0.2328 0.4134 0.1077 0.4645 0.4126 0.3965 0.8893 
0.4813 0.4401 0.3773 0.6549 0.7206 0.4699 0.1882 0.6835 0.9453 0.6275 0.2633 0.8952 0.4912 0.1764 0.5887 0.6262 0.7034 0.4941 0.9862 0.2402 0.3356 0.9730 0.0638 0.5175 0.5728 0.3678 0.8802 0.5639 0.5709 0.2591 0.8060 0.2296 0.9516 0.5902 0.8726 0.6446 0.5405 0.7320 
0.2741 0.6134 0.3945 0.6830 0.2443 0.6461 0.9872 0.9747 0.7905 0.3026 0.9279 0.6798 0.7232 0.0088 0.9420 0.8680 0.9903 0.0629 0.4626 0.6594 0.9927 0.5221 0.2107 0.7732 0.7012 0.7433 0.9687 0.4296 0.7475 0.9556 0.1792 0.9055 0.3050 0.5543 0.7142 0.4746 0.5192 0.6869 
0.4936 0.7312 0.5359 0.8238 0.8977 0.1965 0.6919 0.3347 0.9757 0.0405 0.2087 0.0485 0.8085 0.6299 0.5198 0.0577 0.7769 0.2081 0.2634 0.8174 0.2854 0.8063 0.1660 0.8483 0.3812 0.4225 0.4836 0.5128 0.9941 0.6199 0.4595 0.5273 0.4664 0.5492 0.7674 0.8908 0.3806 0.0300 
0.8381 0.6884 0.7672 0.8092 0.5819 0.5430 0.4646 0.0899 0.8405 0.1605 0.3527 0.0367 0.0763 0.1728 0.6246 0.0035 0.0812 0.6819 0.8027 0.0993 0.8131 0.9606 0.8052 0.2017 0.6678 0.9526 0.0719 0.1405 0.9167 0.6051 0.5162 0.0040 0.3004 0.4459 0.1770 0.4877 0.1875 0.2677 
0.4989 0.6385 0.8317 0.1871 0.5803 0.0517 0.6409 0.0384 0.2653 0.7545 0.7282 0.6687 0.7455 0.8952 0.6047 0.9258 0.6324 0.2703 0.1552 0.3676 0.7849 0.2326 0.0760 0.5829 0.3132 0.9069 0.5377 0.9466 0.7320 0.2162 0.0048 0.4403 0.7062 0.1013 0.1680 0.5969 0.8881 0.3788 
0.1004 0.3054 0.2990 0.4551 0.7878 0.1198 0.2436 0.8565 0.4779 0.8857 0.0075 0.0455 0.4558 0.1284 0.4719 0.3080 0.4689 0.9860 0.8257 0.6045 0.8428 0.1333 0.0603 0.3349 0.2866 0.7223 0.2076 0.4696 0.4102 0.0073 0.1053 0.4545 0.9288 0.3420 0.8815 0.3679 0.6708 0.8108 
0.4910 0.2693 0.3663 0.0717 0.7594 0.2373 0.1394 0.0517 0.5600 0.8188 0.9467 0.2432 0.1072 0.5526 0.1123 0.5090 0.5092 0.3809 0.7699 0.4494 0.9939 0.6989 0.9314 0.3780 0.2568 0.9801 0.3575 0.0318 0.8345 0.2426 0.9478 0.5501 0.5299 0.3325 0.3835 0.8291 0.4687 0.5108 
0.2785 0.8914 0.0855 0.7389 0.0949 0.9076 0.3550 0.8762 0.9018 0.7599 0.3572 0.7315 0.8744 0.1182 0.0885 0.7431 0.5177 0.9024 0.5061 0.0461 0.4120 0.5305 0.1038 0.0698 0.8331 0.4374 0.9221 0.9310 0.7295 0.1395 0.6781 0.1851 0.5172 0.7989 0.7288 0.6244 0.7987 0.9078 
0.5617 0.9081 0.8073 0.5850 0.5144 0.5258 0.5652 0.0618 0.5480 0.4391 0.3344 0.0886 0.0830 0.2039 0.8680 0.7841 0.0893 0.8245 0.0377 0.6260 0.9255 0.7960 0.8172 0.7341 0.1047 0.4304 0.4111 0.5023 0.2320 0.3757 0.8179 0.5296 0.8521 0.8038 0.7636 0.4420 0.5816 0.1799 
0.0958 0.7640 0.0870 0.6396 0.7134 0.9922 0.8481 0.0453 0.5278 0.5733 0.9289 0.2699 0.8069 0.3816 0.9498 0.7873 0.4753 0.2461 0.7457 0.0605 0.0275 0.4045 0.4207 0.5417 0.0246 0.3286 0.4921 0.6460 0.3103 0.6874 0.5890 0.3056 0.0260 0.6267 0.4373 0.2308 0.7400 0.3405 
0.0850 0.1093 0.9973 0.0632 0.0363 0.7883 0.7368 0.6066 0.9505 0.3901 0.4639 0.7482 0.7040 0.3662 0.6144 0.6047 0.5890 0.8091 0.1519 0.0756 0.5814 0.5347 0.3396 0.6439 0.0536 0.2666 0.0508 0.4188 0.9939 0.1988 0.4917 0.3077 0.5176 0.6669 0.9890 0.8576 0.6063 0.8886 
0.5337 0.2360 0.5665 0.1048 0.5174 0.3722 0.3086 0.1196 0.3746 0.8810 0.5440 0.5616 0.2902 0.1034 0.8115 0.8424 0.5245 0.9325 0.5809 0.7083 0.5609 0.6096 0.6516 0.6699 0.1564 0.9182 0.0987 0.2334 0.8990 0.2854 0.3287 0.0557 0.2062 0.9442 0.0255 0.8855 0.7330 0.4559 
0.2242 0.4107 0.6767 0.0810 0.8087 0.1642 0.6511 0.4181 0.5775 0.8330 0.4620 0.5709 0.4297 0.0738 0.9515 0.5473 0.6556 0.5564 0.2870 0.1076 0.9518 0.8033 0.7214 0.5828 0.6953 0.0827 0.1930 0.6447 0.1101 0.7854 0.2483 0.2374 0.2908 0.2362 0.4313 0.6734 0.6155 0.9861 
0.6982 0.6359 0.9847 0.5508 0.3723 0.8004 0.9140 0.5439 0.9185 0.0662 0.5752 0.7870 0.6461 0.3895 0.9370 0.5986 0.9444 0.0287 0.9531 0.1068 0.7749 0.8077 0.4929 0.8513 0.1330 0.6206 0.2199 0.7146 0.8679 0.1277 0.4796 0.4402 0.9608 0.3531 0.0483 0.2393 0.3670 0.5122 
0.3987 0.2712 0.2811 0.2399 0.2993 0.3670 0.0585 0.9722 0.2209 0.9621 0.8812 0.0957 0.7751 0.7527 0.3821 0.0019 0.6285 0.3125 0.1649 0.4105 0.5068 0.6315 0.2722 0.1035 0.0159 0.6748 0.3808 0.8266 0.1055 0.2979 0.8443 0.2683 0.5729 0.3824 0.1332 0.2020 0.5705 0.2054 
0.4371 0.3358 0.3745 0.3502 0.7811 0.9111 0.7561 0.3742 0.5088 0.0732 0.2234 0.8196 0.2486 0.9967 0.8551 0.6617 0.5110 0.7453 0.0081 0.6408 0.2723 0.6759 0.7609 0.6287 0.6926 0.3515 0.1576 0.2725 0.1927 0.2252 0.4713 0.3401 0.8844 0.8678 0.1809 0.6817 0.0605 0.4815 
0.4076 0.0912 0.8122 0.0161 0.6138 0.3758 0.5578 0.8542 0.4879 0.0113 0.2797 0.2647 0.3876 0.9137 0.3039 0.2695 0.5054 0.8116 0.8034 0.2873 0.1163 0.2236 0.2642 0.7031 0.2722 0.1243 0.5935 0.0124 0.3353 0.4292 0.3214 0.3507 0.0594 0.1445 0.9901 0.2800 0.0950 0.7804 
0.5815 0.1113 0.1978 0.4055 0.6245 0.7724 0.3441 0.5991 0.9003 0.4924 0.1122 0.8225 0.0687 0.2087 0.6061 0.5229 0.4725 0.0413 0.8697 0.4616 0.8648 0.4541 0.4356 0.8744 0.0030 0.2956 0.0037 0.2175 0.2206 0.2361 0.4153 0.0144 0.3931 0.5581 0.5024 0.7570 0.2537 0.5761 
0.2643 0.0251 0.8173 0.3826 0.4389 0.8934 0.0263 0.4862 0.8884 0.3294 0.5562 0.5443 0.9072 0.4258 0.5125 0.8502 0.4523 0.0441 0.1961 0.0907 0.0268 0.2944 0.1135 0.4947 0.2813 0.2835 0.7116 0.8961 0.1291 0.7798 0.3238 0.4184 0.5054 0.0458 0.8891 0.3364 0.1205 0.9690 
0.4115 0.2360 0.2878 0.5303 0.3472 0.6183 0.7483 0.1180 0.0281 0.8482 0.9989 0.2349 0.0304 0.8039 0.2022 0.3849 0.2365 0.3065 0.1404 0.5237 0.2632 0.9641 0.5400 0.0836 0.6185 0.1015 0.8257 0.5053 0.9077 0.0070 0.0820 0.7236 0.0129 0.8428 0.8668 0.6409 0.5083 0.1415 
0.6870 0.6164 0.1568 0.9228 0.0542 0.8385 0.7373 0.0719 0.2374 0.1378 0.8256 0.4035 0.3470 0.8224 0.6494 0.9037 0.1889 0.6420 0.2379 0.3281 0.9929 0.2541 0.0121 0.5495 0.1214 0.4997 0.6679 0.6394 0.9476 0.8703 0.4257 0.9335 0.2941 0.9603 0.1402 0.8241 0.4551 0.8633 
0.4041 0.7167 0.1002 0.4725 0.1196 0.7831 0.5737 0.6642 0.4274 0.6140 0.1731 0.2534 0.8628 0.4464 0.1556 0.7851 0.7225 0.0853 0.7183 0.5907 0.6698 0.9051 0.0272 0.2429 0.1671 0.1762 0.4313 0.6535 0.5071 0.6119 0.4096 0.2225 0.8988 0.9547 0.8657 0.4550 0.9193 0.7790 
0.9296 0.4012 0.8789 0.4369 0.0069 0.6042 0.1903 0.1767 0.6131 0.7319 0.7070 0.1290 0.2321 0.1082 0.9442 0.0979 0.9092 0.9704 0.0764 0.0983 0.4977 0.5972 0.9186 0.2878 0.1731 0.0435 0.7064 0.4529 0.7566 0.0900 0.4484 0.5746 0.6870 0.1458 0.9523 0.8466 0.9466 0.1379 
0.2178 0.3968 0.4455 0.2711 0.6129 0.0906 0.2851 0.0703 0.3684 0.0911 0.1899 0.8187 0.4811 0.5921 0.1092 0.2929 0.1558 0.7179 0.1300 0.7533 0.7129 0.1125 0.0244 0.7315 0.8277 0.4482 0.0596 0.1597 0.9323 0.9684 0.4817 0.3684 0.9509 0.2388 0.0752 0.8239 0.8359 0.7861 
0.1192 0.2532 0.3402 0.9644 0.9683 0.9405 0.8757 0.9421 0.1701 0.9950 0.3967 0.2020 0.2259 0.2600 0.9623 0.9222 0.5637 0.0283 0.8767 0.3038 0.1167 0.7457 0.1530 0.3499 0.9983 0.4441 0.5788 0.8669 0.6720 0.8665 0.1731 0.7158 0.9641 0.6408 0.7368 0.6859 0.1887 0.8459 
0.1194 0.6649 0.5408 0.5126 0.7550 0.9242 0.5065 0.0613 0.5795 0.4164 0.5212 0.3844 0.0017 0.1114 0.5019 0.5322 0.1532 0.7390 0.3060 0.8136 0.6311 0.4880 0.5286 0.8172 0.3263 0.6517 0.2907 0.1054 0.1065 0.4828 0.1742 0.2297 0.2121 0.0215 0.2203 0.5790 0.5729 0.9890 
0.6162 0.2097 0.0398 0.7899 0.8975 0.6229 0.1121 0.6124 0.1208 0.6137 0.8108 0.8509 0.4702 0.8825 0.4969 0.1446 0.6777 0.0556 0.2157 0.0480 0.7407 0.1172 0.7767 0.1390 0.5717 0.2303 0.3878 0.4135 0.5111 0.9010 0.1675 0.1211 0.3999 0.5627 0.0221 0.7289 0.2816 0.6156 

0.5757 0.9558 0.5072 0.5299 0.2673 0.7529 0.2393 0.7865 0.6995 0.2520 0.0843 0.7150 0.4254 0.8693 0.2899 0.7654 0.2394 0.0130 0.9073 0.6415 0.4862 0.9531 0.0483 0.1324 0.6472 0.8471 0.1991 0.8380 0.0060 0.3315 0.1922 0.1616 0.8180 0.1781 0.7175 0.8999 0.2141 0.9293 
0.5926 0.0101 0.4462 0.9714 0.4193 0.2697 0.5168 0.7212 0.6981 0.1405 0.0574 0.2414 0.1383 0.9786 0.9944 0.6147 0.9697 0.8270 0.4819 0.0611 0.6079 0.3266 0.9321 0.8336 0.9306 0.1463 0.2928 0.7630 0.5291 0.7834 0.6495 0.1106 0.0229 0.0351 0.7360 0.4061 0.4270 0.4686 
0.7805 0.9893 0.2763 0.6992 0.5233 0.0001 0.2038 0.5760 0.1817 0.4725 0.6242 0.7094 0.6038 0.7041 0.8482 0.3899 0.4749 0.3398 0.5147 0.3203 0.5011 0.0905 0.1040 0.5582 0.3531 0.4902 0.5384 0.3376 0.3151 0.1729 0.2145 0.7919 0.9420 0.4406 0.1707 0.4948 0.0813 0.3767 
0.2518 0.4710 0.9657 0.5823 0.1608 0.6462 0.9616 0.6392 0.3820 0.8654 0.5628 0.7806 0.0670 0.4052 0.8607 0.3337 0.7169 0.7173 0.7659 0.1867 0.2195 0.4026 0.6520 0.3572 0.4729 0.3579 0.5287 0.7691 0.4140 0.7440 0.9563 0.3870 0.8823 0.3557 0.4040 0.5748 0.3753 0.8045 
0.0193 0.0614 0.3843 0.5278 0.5579 0.5086 0.4712 0.2464 0.3302 0.1006 0.7378 0.8606 0.9987 0.7652 0.4129 0.4014 0.7314 0.9243 0.8821 0.0286 0.7491 0.4118 0.7898 0.6477 0.2917 0.3324 0.2047 0.1713 0.6283 0.5775 0.5062 0.4733 0.4416 0.3533 0.8498 0.7637 0.9192 0.8192 
0.8337 0.8288 0.2153 0.1549 0.3541 0.6233 0.2627 0.0236 0.1797 0.0065 0.8945 0.9451 0.7418 0.3433 0.8842 0.3699 0.6294 0.8433 0.3599 0.2645 0.3243 0.6964 0.0887 0.3559 0.2168 0.8897 0.7223 0.8557 0.5435 0.1251 0.3614 0.1456 0.6937 0.8354 0.9870 0.7676 0.9878 0.8983 
0.1840 0.3448 0.6166 0.5122 0.0691 0.8031 0.5669 0.0403 0.4231 0.9190 0.1746 0.1704 0.8543 0.4729 0.4021 0.9185 0.6253 0.9870 0.4977 0.5809 0.8671 0.1794 0.3121 0.3623 0.4055 0.8520 0.0357 0.7417 0.9604 0.7321 0.5857 0.9486 0.9139 0.4530 0.4348 0.9784 0.4179 0.7360 
0.3776 0.4652 0.3795 0.3632 0.3396 0.3052 0.3195 0.6625 0.6879 0.1163 0.5467 0.0133 0.6032 0.2835 0.1496 0.7511 0.1177 0.3102 0.5335 0.9124 0.7784 0.1730 0.2549 0.0032 0.4467 0.5446 0.6888 0.9749 0.5496 0.3131 0.2779 0.2264 0.2804 0.8928 0.2100 0.6869 0.0228 0.0862 
0.6955 0.2206 0.2089 0.1355 0.3230 0.1898 0.3688 0.5718 0.5671 0.0422 0.3347 0.6613 0.7402 0.5330 0.2082 0.0407 0.7086 0.0459 0.0264 0.8153 0.2918 0.2220 0.5080 0.3074 0.5920 0.9225 0.2846 0.4715 0.9321 0.7877 0.6237 0.0440 0.0897 0.2499 0.2713 0.4655 0.0703 0.2238 
0.4814 0.6532 0.8808 0.0002 0.1595 0.1901 0.4761 0.2319 0.8062 0.4322 0.3658 0.0120 0.7473 0.2002 0.1652 0.3957 0.9552 0.7200 0.6247 0.0013 0.1919 0.8758 0.1691 0.7679 0.3836 0.8712 0.8822 0.3865 0.3609 0.4470 0.0108 0.1726 0.8917 0.8020 0.6129 0.3006 0.9947 0.4728 
0.2841 0.1392 0.4408 0.4172 0.8937 0.9524 0.3904 0.7806 0.2421 0.3673 0.8459 0.6501 0.9726 0.2637 0.1271 0.1312 0.9772 0.0789 0.2808 0.7409 0.2997 0.4292 0.0925 0.0914 0.1631 0.4683 0.6279 0.4679 0.0691 0.5678 0.4681 0.6073 0.9694 0.8632 0.1822 0.4248 0.2973 0.1721 
0.0639 0.7244 0.7221 0.2360 0.3112 0.9505 0.4355 0.5764 0.2174 0.3489 0.8699 0.4371 0.8161 0.5341 0.7159 0.5032 0.9696 0.0068 0.4203 0.0417 0.9467 0.1117 0.5105 0.2859 0.8719 0.9147 0.8468 0.7940 0.2136 0.7763 0.0343 0.7093 0.5070 0.6955 0.9589 0.6587 0.7294 0.2879 
0.4585 0.9678 0.2085 0.0722 0.2342 0.7181 0.1944 0.3774 0.7738 0.2325 0.8028 0.2080 0.6653 0.6673 0.6370 0.6346 0.5289 0.4259 0.4849 0.7927 0.3644 0.1670 0.0052 0.7874 0.6311 0.0598 0.9480 0.1955 0.1346 0.0079 0.8179 0.8671 0.2449 0.0843 0.7912 0.4489 0.3877 0.7144 
0.1603 0.1720 0.5218 0.2251 0.4997 0.0830 0.2834 0.4058 0.7334 0.4481 0.5660 0.7081 0.4093 0.5128 0.7730 0.1900 0.7290 0.7245 0.5938 0.7205 0.3703 0.7278 0.8943 0.7549 0.4065 0.6060 0.7355 0.3297 0.4711 0.9418 0.0696 0.1773 0.4938 0.0494 0.8515 0.1812 0.5734 0.8755 
0.0426 0.0954 0.8335 0.4216 0.0155 0.7138 0.5937 0.7307 0.7875 0.4619 0.8099 0.3690 0.2812 0.8833 0.4591 0.3222 0.3892 0.9508 0.1191 0.7918 0.1238 0.6212 0.1612 0.3808 0.2600 0.2299 0.3540 0.7313 0.1490 0.4897 0.3733 0.1099 0.2296 0.9853 0.4332 0.4833 0.2826 0.2745 
0.4566 0.3924 0.4980 0.7865 0.2212 0.4872 0.1324 0.9784 0.7890 0.2683 0.1490 0.3673 0.0306 0.1392 0.9553 0.7570 0.0690 0.1284 0.7717 0.4191 0.4327 0.3631 0.8833 0.0707 0.4297 0.6909 0.5925 0.1609 0.9090 0.9364 0.7138 0.2761 0.8428 0.3499 0.3193 0.6074 0.6754 0.3170 
0.3120 0.2310 0.7268 0.3204 0.9803 0.9425 0.7814 0.7534 0.5723 0.2781 0.4340 0.0296 0.3970 0.5053 0.6076 0.6311 0.2101 0.6613 0.7841 0.2562 0.4631 0.6535 0.0775 0.7398 0.4365 0.0649 0.6459 0.6237 0.7315 0.1152 0.9514 0.2586 0.6083 0.0983 0.9016 0.1567 0.5531 0.6092 
0.2172 0.2804 0.3669 0.5241 0.4397 0.0556 0.2769 0.5103 0.9170 0.3897 0.6888 0.9177 0.8425 0.9551 0.8846 0.0263 0.9134 0.7556 0.6518 0.2931 0.4276 0.2627 0.5194 0.9327 0.5419 0.9617 0.8104 0.8211 0.9538 0.0486 0.3406 0.9403 0.3815 0.5342 0.9756 0.1249 0.1760 0.1076 
0.1606 0.1318 0.3626 0.9332 0.9729 0.8260 0.5305 0.7652 0.9496 0.1250 0.4015 0.3645 0.4865 0.7802 0.8770 0.3578 0.9281 0.7402 0.5831 0.4638 0.4277 0.4827 0.1645 0.8291 0.9535 0.4452 0.6133 0.7320 0.2990 0.7623 0.4000 0.2137 0.6097 0.6188 0.6273 0.7487 0.3723 0.0130 
0.4794 0.6509 0.7963 0.7878 0.9057 0.5094 0.0320 0.3808 0.3917 0.7601 0.5484 0.1942 0.4614 0.2305 0.1744 0.3705 0.0857 0.0866 0.1175 0.2915 0.3942 0.2280 0.0725 0.8582 0.2033 0.4657 0.9971 0.9273 0.6029 0.2921 0.4014 0.4311 0.6840 0.3691 0.3921 0.8247 0.4615 0.2125 
0.6614 0.9984 0.6890 0.6164 0.1241 0.1446 0.7014 0.5042 0.0994 0.5899 0.4530 0.5849 0.6196 0.6315 0.4622 0.6152 0.9147 0.9884 0.0777 0.2899 0.1483 0.9287 0.8713 0.9525 0.3683 0.7540 0.5014 0.6665 0.7484 0.2022 0.1419 0.3342 0.4310 0.6604 0.9273 0.7105 0.3848 0.9254 
0.0722 0.2267 0.4203 0.2618 0.3196 0.0427 0.2262 0.2786 0.0623 0.4248 0.9355 0.0021 0.0355 0.9384 0.3519 0.6763 0.7417 0.8646 0.8837 0.0837 0.0546 0.2713 0.3712 0.6489 0.1628 0.9268 0.1589 0.9611 0.6416 0.6146 0.7633 0.4175 0.1938 0.6670 0.4085 0.2808 0.8770 0.7440 
0.1020 0.6817 0.4666 0.3631 0.5375 0.8199 0.2237 0.1725 0.7254 0.4921 0.8722 0.9967 0.9097 0.7439 0.8295 0.0350 0.8808 0.1963 0.3253 0.9729 0.8836 0.0419 0.2273 0.0944 0.8046 0.8719 0.7455 0.9575 0.1461 0.4420 0.1893 0.9072 0.1937 0.4175 0.6629 0.3818 0.1833 0.6538 
0.6383 0.3633 0.3346 0.1196 0.1039 0.7354 0.7784 0.2257 0.6543 0.0377 0.2364 0.3670 0.8456 0.4457 0.1726 0.4395 0.8477 0.2537 0.0381 0.2624 0.4503 0.3920 0.1751 0.1964 0.7506 0.6775 0.6894 0.8863 0.7934 0.5639 0.4315 0.7769 0.8061 0.4614 0.4039 0.9861 0.7216 0.0829 
0.9959 0.7262 0.5135 0.7335 0.4481 0.7379 0.9518 0.2075 0.3051 0.6624 0.0150 0.9554 0.8477 0.2730 0.3196 0.4659 0.6354 0.0620 0.5957 0.3518 0.4153 0.2854 0.3914 0.7503 0.4772 0.8077 0.5366 0.9110 0.7045 0.9536 0.5401 0.3397 0.6116 0.3243 0.1973 0.2512 0.7658 0.9797 
0.0294 0.8538 0.1428 0.9989 0.4245 0.0638 0.0940 0.1532 0.4369 0.8094 0.8947 0.2558 0.8099 0.7046 0.0436 0.7330 0.4143 0.5797 0.2483 0.2365 0.4884 0.8018 0.3177 0.2164 0.4479 0.8030 0.1597 0.4345 0.5659 0.5453 0.8234 0.6825 0.8651 0.7947 0.8408 0.7861 0.3316 0.9116 
0.5429 0.4038 0.1540 0.3334 0.2657 0.2832 0.9070 0.4411 0.1068 0.9680 0.3859 0.0853 0.7941 0.5559 0.4593 0.7750 0.5956 0.9931 0.3856 0.0632 0.0944 0.4828 0.1749 0.7319 0.0475 0.2537 0.4627 0.6601 0.2103 0.3825 0.6834 0.6719 0.3362 0.0286 0.9915 0.3731 0.4382 0.0874 
0.7798 0.8950 0.5192 0.2608 0.4876 0.2387 0.1368 0.3676 0.7786 0.0992 0.7044 0.8366 0.2196 0.7818 0.0656 0.2711 0.6884 0.6727 0.3147 0.1895 0.8544 0.5002 0.0494 0.8113 0.9073 0.9429 0.0383 0.3076 0.9892 0.9158 0.9585 0.9001 0.3529 0.8545 0.5064 0.4699 0.4721 0.3519 
0.8379 0.3495 0.0737 0.3569 0.0719 0.3700 0.7538 0.1158 0.4727 0.3592 0.5889 0.4932 0.2576 0.4560 0.9332 0.2512 0.9711 0.5164 0.8931 0.1568 0.5378 0.0261 0.8126 0.0040 0.1579 0.1109 0.5769 0.8420 0.5671 0.5642 0.1059 0.2715 0.4161 0.1217 0.6611 0.2742 0.8053 0.4906 
0.4422 0.9031 0.8578 0.3469 0.6180 0.2691 0.4869 0.6854 0.6487 0.6698 0.7447 0.3741 0.0700 0.6048 0.9486 0.4931 0.5901 0.9910 0.4101 0.8826 0.5268 0.2132 0.9851 0.6065 0.8555 0.6986 0.0678 0.0061 0.7210 0.0131 0.7064 0.0605 0.9024 0.7444 0.3894 0.3406 0.7787 0.9298 

